layout_spectrum: 0.6290323
color:
  saturation: 0.8405018
  brandStrength: 0.833981
  lightness: 0.516129
  rhythmicContrast: 0.7849463
typography_spectrum: 0.3172043
name: kuma no yukue
